#   T1  T2  T3  T4  T5  T6  T7  T8  t
	28.20	28.61	28.48	27.41	27.37	27.83	28.01	27.41	0.0000
	28.21	28.65	28.55	27.43	27.41	28.03	28.04	27.40	2.0000
	28.22	28.92	28.89	27.45	27.47	28.86	28.08	27.40	4.0000
	28.23	29.47	29.57	27.48	27.65	30.15	28.13	27.39	6.0000
	28.27	30.22	30.49	27.53	27.97	31.59	28.24	27.39	8.0000
	28.34	31.10	31.55	27.64	28.42	33.02	28.41	27.39	10.0000
	28.45	32.02	32.65	27.78	28.98	34.40	28.67	27.38	12.0000
	28.61	32.95	33.76	27.99	29.60	35.70	29.01	27.39	14.0000
	28.81	33.86	34.83	28.23	30.26	36.91	29.41	27.39	16.0000
	29.05	34.75	35.87	28.52	30.95	38.03	29.87	27.39	18.0000
	29.31	35.60	36.86	28.85	31.67	39.08	30.38	27.39	20.0000
	29.60	36.41	37.80	29.20	32.39	40.06	30.91	27.40	22.0000
	29.91	37.19	38.68	29.56	33.11	40.98	31.47	27.41	24.0000
	30.25	37.93	39.51	29.96	33.83	41.86	32.04	27.41	26.0000
	30.59	38.63	40.30	30.35	34.55	42.67	32.64	27.42	28.0000
	30.94	39.30	41.03	30.76	35.27	43.46	33.23	27.43	30.0000
	31.30	39.94	41.74	31.17	35.96	44.20	33.83	27.45	32.0000
	31.66	40.54	42.39	31.59	36.66	44.91	34.42	27.46	34.0000
	32.03	41.13	43.01	32.01	37.35	45.59	35.01	27.48	36.0000
	32.40	41.69	43.60	32.42	38.01	46.24	35.59	27.50	38.0000
	32.76	42.22	44.16	32.84	38.67	46.87	36.16	27.53	40.0000
	33.14	42.73	44.69	33.25	39.33	47.47	36.72	27.56	42.0000
	33.50	43.22	45.19	33.65	39.96	48.05	37.27	27.59	44.0000
	33.87	43.68	45.67	34.06	40.58	48.60	37.81	27.63	46.0000
	34.24	44.13	46.13	34.46	41.19	49.15	38.34	27.68	48.0000
	34.60	44.57	46.56	34.86	41.78	49.66	38.84	27.72	50.0000
	34.97	44.98	46.98	35.25	42.36	50.17	39.34	27.77	52.0000
	35.33	45.38	47.37	35.63	42.93	50.65	39.82	27.83	54.0000
	35.69	45.77	47.75	36.01	43.48	51.12	40.30	27.88	56.0000
	36.03	46.14	48.12	36.39	44.02	51.58	40.76	27.94	58.0000
	36.38	46.50	48.47	36.75	44.55	52.02	41.19	28.01	60.0000
	36.72	46.85	48.80	37.12	45.07	52.46	41.63	28.07	62.0000
	37.07	47.19	49.12	37.48	45.57	52.88	42.04	28.15	64.0000
	37.41	47.52	49.42	37.82	46.06	53.28	42.44	28.22	66.0000
	37.75	47.84	49.73	38.17	46.54	53.67	42.83	28.31	68.0000
	38.08	48.15	50.01	38.51	47.01	54.05	43.22	28.39	70.0000
	38.40	48.45	50.29	38.84	47.47	54.42	43.58	28.47	72.0000
	38.73	48.74	50.56	39.17	47.91	54.78	43.95	28.56	74.0000
	39.05	49.03	50.83	39.49	48.35	55.14	44.29	28.65	76.0000
	39.37	49.31	51.08	39.81	48.77	55.48	44.62	28.75	78.0000
	39.68	49.58	51.32	40.12	49.19	55.81	44.95	28.84	80.0000
	39.98	49.85	51.56	40.43	49.59	56.14	45.26	28.94	82.0000
	40.29	50.10	51.79	40.73	49.99	56.45	45.57	29.05	84.0000
	40.59	50.36	52.01	41.03	50.37	56.76	45.87	29.15	86.0000
	40.89	50.61	52.23	41.31	50.74	57.06	46.16	29.26	88.0000
	41.18	50.85	52.44	41.60	51.11	57.35	46.43	29.36	90.0000
	41.47	51.09	52.65	41.89	51.46	57.63	46.71	29.46	92.0000
	41.76	51.32	52.85	42.15	51.82	57.90	46.97	29.57	94.0000
	42.04	51.55	53.04	42.42	52.15	58.17	47.22	29.68	96.0000
	42.31	51.78	53.24	42.69	52.48	58.43	47.47	29.79	98.0000
	42.59	52.00	53.43	42.95	52.81	58.69	47.71	29.90	100.0000
	42.86	52.20	53.59	43.21	53.13	58.84	47.95	30.02	102.0000
	43.13	52.21	53.52	43.46	53.42	58.42	48.18	30.13	104.0000
	43.39	51.96	53.13	43.70	53.60	57.57	48.38	30.25	106.0000
	43.62	51.51	52.51	43.91	53.65	56.56	48.53	30.36	108.0000
	43.83	50.96	51.77	44.08	53.57	55.51	48.61	30.47	110.0000
	43.99	50.34	50.97	44.19	53.40	54.51	48.61	30.59	112.0000
	44.11	49.72	50.17	44.26	53.16	53.56	48.54	30.71	114.0000
	44.18	49.10	49.39	44.27	52.86	52.69	48.41	30.83	116.0000
	44.23	48.50	48.64	44.25	52.52	51.89	48.22	30.94	118.0000
	44.23	47.94	47.94	44.20	52.17	51.15	47.99	31.05	120.0000
	44.21	47.40	47.28	44.12	51.79	50.47	47.71	31.17	122.0000
	44.17	46.89	46.66	44.02	51.41	49.84	47.41	31.28	124.0000
	44.11	46.42	46.08	43.90	51.02	49.25	47.08	31.39	126.0000
	44.04	45.98	45.55	43.76	50.63	48.71	46.74	31.50	128.0000
	43.96	45.57	45.05	43.62	50.23	48.21	46.40	31.60	130.0000
	43.87	45.18	44.59	43.47	49.84	47.73	46.05	31.71	132.0000
	43.77	44.83	44.17	43.32	49.46	47.29	45.69	31.81	134.0000
	43.66	44.49	43.76	43.15	49.08	46.87	45.34	31.92	136.0000
	43.56	44.18	43.40	42.99	48.71	46.48	44.99	32.01	138.0000
	43.45	43.88	43.06	42.82	48.34	46.11	44.65	32.11	140.0000
	43.34	43.61	42.74	42.66	47.98	45.76	44.32	32.19	142.0000
	43.23	43.36	42.45	42.50	47.63	45.42	43.99	32.28	144.0000
	43.11	43.12	42.18	42.33	47.29	45.11	43.67	32.36	146.0000
	42.99	42.90	41.92	42.17	46.95	44.81	43.36	32.45	148.0000
	42.88	42.69	41.69	42.01	46.62	44.52	43.06	32.52	150.0000
	42.76	42.50	41.48	41.85	46.32	44.25	42.77	32.59	152.0000
	42.66	42.31	41.28	41.70	46.01	43.99	42.50	32.66	154.0000
	42.54	42.15	41.09	41.54	45.71	43.74	42.23	32.72	156.0000
	42.43	41.98	40.91	41.40	45.42	43.50	41.97	32.77	158.0000
	42.32	41.84	40.75	41.25	45.14	43.28	41.73	32.83	160.0000
	42.21	41.70	40.60	41.11	44.87	43.06	41.49	32.88	162.0000
	42.11	41.57	40.46	40.97	44.61	42.85	41.26	32.93	164.0000
	42.00	41.44	40.33	40.84	44.35	42.66	41.05	32.97	166.0000
	41.89	41.32	40.21	40.71	44.10	42.47	40.85	33.02	168.0000
	41.80	41.21	40.09	40.57	43.87	42.28	40.65	33.05	170.0000
	41.70	41.11	39.98	40.44	43.63	42.10	40.46	33.08	172.0000
	41.60	41.01	39.88	40.32	43.40	41.93	40.27	33.11	174.0000
	41.50	40.91	39.79	40.20	43.19	41.78	40.10	33.14	176.0000
	41.40	40.82	39.70	40.09	42.99	41.62	39.94	33.17	178.0000
	41.31	40.74	39.61	39.98	42.79	41.47	39.78	33.19	180.0000
	41.23	40.66	39.54	39.87	42.59	41.33	39.64	33.22	182.0000
	41.14	40.59	39.46	39.76	42.40	41.19	39.50	33.23	184.0000
	41.05	40.51	39.40	39.65	42.22	41.06	39.36	33.25	186.0000
	40.97	40.45	39.33	39.55	42.05	40.94	39.23	33.27	188.0000
	40.88	40.38	39.27	39.46	41.88	40.82	39.11	33.28	190.0000
	40.80	40.32	39.21	39.36	41.72	40.70	38.99	33.29	192.0000
	40.72	40.26	39.16	39.27	41.57	40.60	38.88	33.30	194.0000
	40.64	40.21	39.11	39.18	41.42	40.49	38.77	33.32	196.0000
	40.57	40.15	39.06	39.09	41.27	40.39	38.67	33.32	198.0000
	40.49	40.09	39.01	39.00	41.13	40.29	38.58	33.32	200.0000
	40.42	40.05	38.97	38.91	40.99	40.23	38.49	33.33	202.0000
	40.35	40.12	39.09	38.83	40.87	40.62	38.41	33.33	204.0000
	40.28	40.47	39.55	38.76	40.83	41.61	38.34	33.33	206.0000
	40.23	41.07	40.30	38.71	40.92	42.86	38.31	33.34	208.0000
	40.21	41.83	41.22	38.69	41.17	44.17	38.35	33.33	210.0000
	40.21	42.65	42.23	38.73	41.52	45.45	38.46	33.33	212.0000
	40.29	43.51	43.25	38.82	41.96	46.65	38.66	33.33	214.0000
	40.39	44.36	44.27	38.96	42.46	47.77	38.93	33.33	216.0000
	40.54	45.19	45.24	39.15	43.00	48.82	39.26	33.33	218.0000
	40.72	45.99	46.18	39.37	43.56	49.79	39.65	33.33	220.0000
	40.94	46.75	47.06	39.63	44.15	50.69	40.08	33.33	222.0000
	41.17	47.48	47.90	39.91	44.73	51.53	40.53	33.33	224.0000
	41.43	48.17	48.67	40.19	45.31	52.31	41.02	33.33	226.0000
	41.70	48.83	49.41	40.51	45.91	53.05	41.51	33.33	228.0000
	41.97	49.45	50.11	40.84	46.51	53.75	42.02	33.33	230.0000
	42.27	50.04	50.76	41.17	47.09	54.42	42.54	33.34	232.0000
	42.56	50.61	51.37	41.51	47.67	55.04	43.06	33.35	234.0000
	42.86	51.13	51.95	41.84	48.25	55.64	43.57	33.36	236.0000
	43.16	51.64	52.49	42.19	48.81	56.21	44.08	33.37	238.0000
	43.47	52.12	53.00	42.53	49.36	56.75	44.59	33.39	240.0000
	43.78	52.59	53.49	42.87	49.91	57.27	45.08	33.41	242.0000
	44.08	53.02	53.93	43.21	50.44	57.77	45.56	33.43	244.0000
	44.39	53.44	54.37	43.54	50.96	58.25	46.04	33.46	246.0000
	44.70	53.84	54.77	43.87	51.47	58.71	46.51	33.49	248.0000
	45.00	54.23	55.16	44.20	51.97	59.15	46.96	33.52	250.0000
	45.31	54.59	55.52	44.53	52.46	59.58	47.40	33.56	252.0000
	45.61	54.95	55.86	44.85	52.94	59.99	47.82	33.60	254.0000
	45.90	55.28	56.20	45.16	53.41	60.39	48.24	33.65	256.0000
	46.20	55.61	56.52	45.47	53.86	60.78	48.64	33.70	258.0000
	46.49	55.92	56.82	45.77	54.31	61.15	49.03	33.76	260.0000
	46.78	56.23	57.11	46.07	54.74	61.51	49.41	33.81	262.0000
	47.07	56.52	57.39	46.37	55.16	61.86	49.78	33.87	264.0000
	47.36	56.80	57.65	46.66	55.57	62.20	50.12	33.94	266.0000
	47.64	57.08	57.90	46.95	55.97	62.53	50.47	34.00	268.0000
	47.92	57.34	58.15	47.23	56.37	62.85	50.80	34.07	270.0000
	48.19	57.60	58.38	47.51	56.75	63.16	51.13	34.15	272.0000
	48.46	57.85	58.61	47.78	57.12	63.47	51.44	34.22	274.0000
	48.73	58.09	58.81	48.03	57.48	63.75	51.74	34.30	276.0000
	48.99	58.33	59.03	48.30	57.83	64.03	52.03	34.37	278.0000
	49.26	58.56	59.24	48.56	58.18	64.31	52.31	34.46	280.0000
	49.51	58.78	59.44	48.82	58.52	64.58	52.59	34.56	282.0000
	49.77	59.00	59.63	49.07	58.85	64.84	52.86	34.64	284.0000
	50.02	59.21	59.82	49.31	59.17	65.09	53.11	34.72	286.0000
	50.27	59.42	60.00	49.55	59.48	65.34	53.36	34.82	288.0000
	50.51	59.62	60.17	49.79	59.78	65.58	53.60	34.91	290.0000
	50.75	59.82	60.34	50.02	60.08	65.81	53.84	35.01	292.0000
	50.99	60.01	60.51	50.25	60.37	66.04	54.07	35.11	294.0000
	51.22	60.20	60.67	50.47	60.65	66.26	54.29	35.21	296.0000
	51.45	60.39	60.82	50.69	60.92	66.47	54.50	35.30	298.0000
	51.68	60.57	60.97	50.90	61.19	66.67	54.70	35.41	300.0000
	51.90	60.75	61.13	51.12	61.45	66.88	54.90	35.51	302.0000
	52.12	60.87	61.19	51.32	61.70	66.80	55.10	35.61	304.0000
	52.34	60.74	60.95	51.52	61.90	66.14	55.28	35.72	306.0000
	52.55	60.36	60.42	51.71	61.98	65.17	55.44	35.82	308.0000
	52.73	59.82	59.72	51.86	61.92	64.08	55.52	35.92	310.0000
	52.87	59.20	58.92	51.96	61.76	63.00	55.54	36.03	312.0000
	52.97	58.53	58.08	52.02	61.50	61.98	55.48	36.13	314.0000
	53.02	57.87	57.25	52.02	61.19	61.02	55.36	36.23	316.0000
	53.03	57.22	56.45	51.97	60.82	60.12	55.16	36.33	318.0000
	53.01	56.59	55.68	51.89	60.43	59.30	54.93	36.44	320.0000
	52.96	55.99	54.96	51.79	60.01	58.54	54.63	36.54	322.0000
	52.89	55.42	54.28	51.65	59.58	57.83	54.32	36.65	324.0000
	52.79	54.89	53.64	51.50	59.15	57.18	53.98	36.75	326.0000
	52.68	54.39	53.05	51.33	58.71	56.57	53.62	36.85	328.0000
	52.56	53.92	52.50	51.15	58.28	56.00	53.24	36.94	330.0000
	52.43	53.48	51.98	50.96	57.84	55.46	52.86	37.04	332.0000
	52.29	53.06	51.51	50.77	57.40	54.96	52.48	37.13	334.0000
	52.15	52.68	51.06	50.57	56.97	54.49	52.10	37.22	336.0000
	52.00	52.31	50.64	50.37	56.55	54.04	51.72	37.31	338.0000
	51.85	51.97	50.25	50.17	56.15	53.62	51.34	37.39	340.0000
	51.70	51.65	49.90	49.96	55.73	53.21	50.97	37.47	342.0000
	51.54	51.35	49.56	49.77	55.33	52.84	50.61	37.55	344.0000
	51.39	51.06	49.24	49.57	54.95	52.47	50.26	37.63	346.0000
	51.23	50.79	48.95	49.36	54.56	52.12	49.92	37.70	348.0000
	51.07	50.54	48.67	49.17	54.19	51.79	49.59	37.76	350.0000
	50.92	50.30	48.41	48.97	53.83	51.47	49.27	37.82	352.0000
	50.77	50.08	48.18	48.78	53.48	51.16	48.95	37.88	354.0000
	50.61	49.87	47.95	48.59	53.13	50.87	48.65	37.93	356.0000
	50.46	49.66	47.73	48.40	52.80	50.59	48.36	37.98	358.0000
	50.31	49.48	47.53	48.23	52.47	50.32	48.09	38.03	360.0000
	50.16	49.29	47.35	48.05	52.16	50.06	47.82	38.08	362.0000
	50.02	49.12	47.17	47.87	51.85	49.81	47.56	38.11	364.0000
	49.87	48.96	47.00	47.70	51.55	49.58	47.31	38.15	366.0000
	49.73	48.80	46.85	47.53	51.27	49.34	47.08	38.18	368.0000
	49.59	48.65	46.70	47.37	50.98	49.13	46.85	38.21	370.0000
	49.45	48.51	46.56	47.20	50.71	48.91	46.63	38.24	372.0000
	49.31	48.38	46.43	47.05	50.45	48.71	46.42	38.26	374.0000
	49.18	48.25	46.29	46.90	50.19	48.51	46.22	38.28	376.0000
	49.05	48.12	46.18	46.74	49.95	48.32	46.03	38.29	378.0000
	48.92	48.00	46.06	46.60	49.70	48.14	45.85	38.31	380.0000
	48.79	47.89	45.95	46.45	49.48	47.97	45.67	38.32	382.0000
	48.66	47.78	45.85	46.32	49.25	47.79	45.50	38.33	384.0000
	48.55	47.67	45.74	46.16	49.03	47.63	45.32	38.32	386.0000
	48.42	47.58	45.65	46.04	48.82	47.48	45.17	38.33	388.0000
	48.30	47.48	45.57	45.91	48.61	47.32	45.03	38.34	390.0000
	48.18	47.38	45.48	45.79	48.41	47.18	44.89	38.34	392.0000
	48.07	47.29	45.40	45.66	48.23	47.03	44.76	38.34	394.0000
	47.96	47.20	45.32	45.54	48.04	46.90	44.62	38.34	396.0000
	47.84	47.12	45.25	45.43	47.86	46.76	44.50	38.34	398.0000
	47.74	47.03	45.18	45.31	47.68	46.64	44.38	38.33	400.0000
	47.63	46.96	45.11	45.20	47.52	46.52	44.27	38.33	402.0000
	47.53	46.92	45.09	45.09	47.35	46.61	44.16	38.33	404.0000
	47.42	47.12	45.38	44.98	47.24	47.35	44.05	38.32	406.0000
	47.33	47.59	45.99	44.89	47.24	48.49	43.99	38.31	408.0000
	47.26	48.27	46.83	44.83	47.38	49.77	43.97	38.29	410.0000
	47.23	49.05	47.79	44.82	47.66	51.03	44.04	38.28	412.0000
	47.24	49.86	48.79	44.86	48.04	52.24	44.18	38.28	414.0000
	47.30	50.70	49.79	44.95	48.49	53.38	44.40	38.27	416.0000
	47.40	51.52	50.77	45.09	48.98	54.43	44.69	38.26	418.0000
	47.54	52.30	51.70	45.28	49.50	55.41	45.04	38.24	420.0000
	47.71	53.06	52.58	45.50	50.05	56.32	45.43	38.23	422.0000
	47.91	53.77	53.42	45.74	50.60	57.16	45.86	38.22	424.0000
	48.13	54.46	54.20	46.01	51.17	57.95	46.31	38.21	426.0000
	48.37	55.11	54.94	46.30	51.73	58.69	46.79	38.21	428.0000
	48.61	55.72	55.62	46.59	52.30	59.38	47.28	38.20	430.0000
	48.87	56.30	56.28	46.89	52.86	60.04	47.77	38.20	432.0000
	49.14	56.85	56.88	47.20	53.42	60.66	48.28	38.20	434.0000
	49.41	57.37	57.45	47.52	53.97	61.25	48.78	38.19	436.0000
	49.69	57.87	57.99	47.84	54.51	61.81	49.28	38.19	438.0000
	49.97	58.34	58.49	48.16	55.05	62.34	49.77	38.20	440.0000
	50.24	58.78	58.97	48.47	55.57	62.85	50.26	38.21	442.0000
	50.53	59.21	59.41	48.79	56.09	63.34	50.73	38.22	444.0000
	50.81	59.61	59.83	49.11	56.59	63.81	51.19	38.24	446.0000
	51.09	60.00	60.23	49.42	57.08	64.26	51.66	38.26	448.0000
	51.37	60.37	60.60	49.73	57.57	64.69	52.10	38.28	450.0000
	51.65	60.72	60.96	50.03	58.04	65.11	52.53	38.32	452.0000
	51.93	61.06	61.30	50.33	58.50	65.51	52.95	38.34	454.0000
	52.20	61.38	61.61	50.62	58.95	65.89	53.36	38.38	456.0000
	52.47	61.69	61.90	50.91	59.39	66.26	53.75	38.42	458.0000
	52.74	61.99	62.19	51.20	59.81	66.62	54.12	38.46	460.0000
	53.01	62.27	62.47	51.48	60.23	66.97	54.50	38.51	462.0000
	53.28	62.55	62.73	51.76	60.64	67.30	54.85	38.56	464.0000
	53.54	62.82	62.98	52.04	61.03	67.63	55.21	38.61	466.0000
	53.80	63.07	63.23	52.31	61.42	67.95	55.54	38.67	468.0000
	54.05	63.32	63.46	52.57	61.79	68.25	55.87	38.73	470.0000
	54.31	63.56	63.67	52.82	62.16	68.55	56.18	38.79	472.0000
	54.55	63.79	63.89	53.08	62.52	68.83	56.48	38.86	474.0000
	54.80	64.02	64.09	53.33	62.86	69.12	56.78	38.93	476.0000
	55.04	64.23	64.29	53.57	63.20	69.38	57.06	39.01	478.0000
	55.28	64.45	64.47	53.81	63.53	69.64	57.34	39.08	480.0000
	55.52	64.65	64.64	54.05	63.84	69.90	57.60	39.15	482.0000
	55.75	64.85	64.77	54.23	64.15	70.13	57.83	39.22	484.0000
	55.99	65.05	64.96	54.47	64.46	70.37	58.08	39.30	486.0000
	56.21	65.24	65.13	54.71	64.76	70.61	58.32	39.39	488.0000
	56.43	65.43	65.29	54.92	65.05	70.83	58.56	39.47	490.0000
	56.65	65.61	65.45	55.14	65.33	71.04	58.78	39.56	492.0000
	56.87	65.78	65.60	55.35	65.60	71.26	59.00	39.65	494.0000
	57.09	65.96	65.75	55.56	65.87	71.47	59.21	39.74	496.0000
	57.30	66.12	65.89	55.75	66.13	71.67	59.42	39.83	498.0000
	57.51	66.28	66.02	55.95	66.38	71.87	59.61	39.93	500.0000
	57.71	66.45	66.15	56.14	66.63	72.06	59.80	40.02	502.0000
	57.91	66.59	66.27	56.32	66.87	72.16	59.99	40.11	504.0000
	58.11	66.56	66.15	56.51	67.08	71.72	60.17	40.21	506.0000
	58.30	66.26	65.73	56.69	67.20	70.85	60.32	40.30	508.0000
	58.48	65.77	65.07	56.84	67.19	69.78	60.42	40.40	510.0000
	58.62	65.15	64.29	56.94	67.05	68.67	60.46	40.49	512.0000
	58.71	64.48	63.45	57.00	66.82	67.61	60.42	40.59	514.0000
	58.76	63.78	62.60	57.00	66.51	66.60	60.32	40.69	516.0000
	58.77	63.10	61.77	56.96	66.15	65.67	60.14	40.79	518.0000
	58.74	62.44	60.97	56.88	65.75	64.80	59.90	40.88	520.0000
	58.68	61.81	60.22	56.76	65.33	63.99	59.62	40.98	522.0000
	58.59	61.21	59.51	56.62	64.89	63.24	59.31	41.07	524.0000
	58.48	60.64	58.84	56.46	64.45	62.56	58.96	41.17	526.0000
	58.36	60.11	58.21	56.28	63.99	61.91	58.59	41.26	528.0000
	58.22	59.60	57.63	56.09	63.54	61.31	58.22	41.35	530.0000
	58.07	59.14	57.09	55.89	63.09	60.75	57.83	41.44	532.0000
	57.92	58.69	56.58	55.68	62.64	60.22	57.43	41.53	534.0000
	57.75	58.27	56.10	55.47	62.19	59.71	57.04	41.62	536.0000
	57.59	57.88	55.66	55.25	61.75	59.24	56.64	41.69	538.0000
	57.42	57.51	55.25	55.03	61.32	58.79	56.26	41.77	540.0000
	57.25	57.16	54.86	54.81	60.89	58.37	55.87	41.85	542.0000
	57.07	56.84	54.50	54.60	60.48	57.96	55.50	41.92	544.0000
	56.89	56.52	54.16	54.38	60.07	57.57	55.13	41.98	546.0000
	56.71	56.23	53.85	54.16	59.67	57.20	54.77	42.05	548.0000
	56.54	55.95	53.55	53.95	59.28	56.85	54.42	42.11	550.0000
	56.36	55.69	53.27	53.74	58.90	56.51	54.08	42.16	552.0000
	56.19	55.44	53.01	53.53	58.53	56.18	53.76	42.22	554.0000
	56.01	55.21	52.76	53.32	58.17	55.87	53.44	42.26	556.0000
	55.84	54.98	52.53	53.13	57.81	55.57	53.14	42.31	558.0000
	55.67	54.76	52.31	52.93	57.47	55.29	52.85	42.35	560.0000
	55.50	54.57	52.10	52.72	57.14	55.01	52.56	42.38	562.0000
	55.33	54.37	51.90	52.53	56.82	54.75	52.28	42.41	564.0000
	55.17	54.19	51.72	52.34	56.50	54.49	52.01	42.44	566.0000
	55.01	54.01	51.54	52.16	56.19	54.24	51.76	42.47	568.0000
	54.85	53.84	51.37	51.98	55.89	54.00	51.53	42.49	570.0000
	54.69	53.68	51.22	51.80	55.60	53.77	51.30	42.52	572.0000
	54.53	53.53	51.06	51.64	55.32	53.54	51.07	42.53	574.0000
	54.37	53.38	50.92	51.46	55.05	53.33	50.86	42.55	576.0000
	54.22	53.23	50.78	51.30	54.78	53.12	50.65	42.55	578.0000
	54.07	53.09	50.65	51.13	54.52	52.92	50.45	42.56	580.0000
	53.93	52.96	50.53	50.98	54.27	52.73	50.26	42.57	582.0000
	53.78	52.83	50.41	50.83	54.03	52.54	50.08	42.57	584.0000
	53.64	52.71	50.29	50.67	53.79	52.36	49.90	42.57	586.0000
	53.50	52.58	50.18	50.52	53.57	52.18	49.73	42.57	588.0000
	53.37	52.47	50.08	50.38	53.34	52.01	49.57	42.57	590.0000
	53.23	52.36	49.98	50.23	53.13	51.85	49.41	42.56	592.0000
	53.09	52.24	49.88	50.10	52.92	51.70	49.27	42.55	594.0000
	52.96	52.14	49.79	49.96	52.72	51.54	49.13	42.54	596.0000
	52.84	52.04	49.69	49.83	52.52	51.39	48.98	42.54	598.0000
	52.71	51.94	49.61	49.69	52.32	51.25	48.85	42.52	600.0000
	52.58	51.84	49.52	49.56	52.14	51.11	48.72	42.50	602.0000
	52.46	51.73	49.44	49.44	51.96	50.98	48.60	42.49	604.0000
	52.34	51.73	49.46	49.32	51.79	51.21	48.48	42.48	606.0000
	52.22	51.98	49.82	49.21	51.68	52.05	48.38	42.46	608.0000
	52.11	52.49	50.48	49.11	51.70	53.21	48.31	42.45	610.0000
	52.04	53.17	51.34	49.05	51.86	54.46	48.30	42.43	612.0000
	52.00	53.94	52.29	49.04	52.14	55.69	48.37	42.41	614.0000
	52.00	54.75	53.26	49.08	52.52	56.86	48.53	42.39	616.0000
	52.06	55.55	54.24	49.17	52.96	57.94	48.75	42.38	618.0000
	52.15	56.34	55.18	49.32	53.44	58.94	49.04	42.35	620.0000
	52.28	57.09	56.07	49.49	53.95	59.88	49.38	42.34	622.0000
	52.45	57.81	56.92	49.70	54.48	60.75	49.78	42.32	624.0000
	52.64	58.50	57.71	49.94	55.02	61.55	50.20	42.30	626.0000
	52.84	59.15	58.46	50.20	55.56	62.30	50.64	42.28	628.0000
	53.06	59.77	59.16	50.47	56.11	63.00	51.10	42.27	630.0000
	53.29	60.35	59.81	50.75	56.65	63.67	51.58	42.26	632.0000
	53.54	60.90	60.43	51.04	57.20	64.30	52.07	42.24	634.0000
	53.78	61.42	61.01	51.34	57.73	64.88	52.55	42.23	636.0000
	54.04	61.91	61.55	51.64	58.26	65.44	53.04	42.23	638.0000
	54.30	62.38	62.07	51.95	58.78	65.98	53.52	42.22	640.0000
	54.56	62.83	62.54	52.25	59.29	66.49	53.99	42.22	642.0000
	54.82	63.25	62.98	52.55	59.79	66.97	54.46	42.22	644.0000
	55.09	63.65	63.40	52.85	60.28	67.43	54.92	42.23	646.0000
	55.35	64.03	63.80	53.14	60.76	67.88	55.37	42.24	648.0000
	55.62	64.39	64.17	53.44	61.23	68.30	55.80	42.25	650.0000
	55.87	64.73	64.53	53.74	61.69	68.72	56.23	42.27	652.0000
	56.13	65.07	64.85	54.02	62.14	69.11	56.64	42.29	654.0000
	56.39	65.38	65.17	54.31	62.58	69.49	57.05	42.32	656.0000
	56.65	65.69	65.47	54.59	63.00	69.85	57.43	42.34	658.0000
	56.90	65.97	65.75	54.86	63.42	70.21	57.81	42.38	660.0000
	57.15	66.25	66.01	55.13	63.82	70.54	58.17	42.41	662.0000
	57.40	66.51	66.27	55.40	64.23	70.87	58.52	42.45	664.0000
	57.64	66.77	66.50	55.65	64.61	71.19	58.87	42.49	666.0000
	57.89	67.02	66.74	55.91	64.98	71.49	59.19	42.54	668.0000
	58.13	67.26	66.96	56.16	65.35	71.79	59.51	42.59	670.0000
	58.37	67.49	67.16	56.40	65.71	72.08	59.81	42.64	672.0000
	58.60	67.71	67.35	56.62	66.05	72.36	60.09	42.69	674.0000
	58.83	67.93	67.55	56.87	66.39	72.63	60.39	42.75	676.0000
	59.06	68.13	67.75	57.11	66.72	72.89	60.67	42.82	678.0000
	59.29	68.34	67.93	57.34	67.04	73.14	60.94	42.88	680.0000
	59.51	68.53	68.10	57.56	67.35	73.39	61.20	42.95	682.0000
	59.73	68.72	68.27	57.78	67.65	73.62	61.45	43.02	684.0000
	59.94	68.90	68.43	58.00	67.95	73.85	61.70	43.09	686.0000
	60.13	69.07	68.61	58.22	68.22	74.08	61.97	43.18	688.0000
	60.34	69.24	68.76	58.42	68.50	74.29	62.20	43.26	690.0000
	60.55	69.41	68.89	58.62	68.78	74.51	62.41	43.33	692.0000
	60.75	69.58	69.03	58.81	69.04	74.72	62.61	43.40	694.0000
	60.95	69.74	69.16	59.01	69.30	74.91	62.81	43.48	696.0000
	61.15	69.89	69.29	59.20	69.55	75.09	63.00	43.56	698.0000
	61.34	70.04	69.41	59.39	69.79	75.28	63.19	43.64	700.0000
	61.53	70.19	69.54	59.56	70.03	75.46	63.38	43.73	702.0000
	61.72	70.33	69.66	59.74	70.25	75.64	63.55	43.82	704.0000
	61.91	70.42	69.70	59.91	70.47	75.56	63.72	43.90	706.0000
	62.09	70.27	69.45	60.09	70.63	74.91	63.88	43.99	708.0000
	62.26	69.87	68.92	60.24	70.69	73.94	64.01	44.08	710.0000
	62.40	69.31	68.20	60.35	70.61	72.84	64.08	44.16	712.0000
	62.51	68.66	67.38	60.42	70.42	71.74	64.08	44.25	714.0000
	62.57	67.97	66.53	60.45	70.15	70.70	64.00	44.34	716.0000
	62.59	67.27	65.69	60.43	69.81	69.71	63.85	44.42	718.0000
	62.57	66.58	64.86	60.36	69.43	68.79	63.64	44.51	720.0000
	62.51	65.92	64.08	60.26	69.01	67.94	63.39	44.60	722.0000
	62.43	65.30	63.34	60.12	68.58	67.16	63.08	44.69	724.0000
	62.32	64.70	62.64	59.96	68.13	66.42	62.74	44.78	726.0000
	62.19	64.14	61.98	59.78	67.68	65.74	62.38	44.85	728.0000
	62.05	63.60	61.36	59.58	67.22	65.11	62.00	44.95	730.0000
	61.89	63.10	60.79	59.37	66.76	64.51	61.61	45.02	732.0000
	61.73	62.63	60.25	59.16	66.30	63.95	61.22	45.10	734.0000
	61.55	62.18	59.74	58.94	65.85	63.43	60.81	45.17	736.0000
	61.38	61.76	59.27	58.71	65.39	62.93	60.41	45.25	738.0000
	61.20	61.37	58.83	58.49	64.94	62.45	60.00	45.32	740.0000
	61.01	60.99	58.42	58.26	64.51	62.00	59.61	45.38	742.0000
	60.83	60.64	58.03	58.04	64.08	61.57	59.22	45.45	744.0000
	60.64	60.31	57.67	57.80	63.66	61.16	58.84	45.51	746.0000
	60.45	60.00	57.34	57.58	63.25	60.77	58.47	45.57	748.0000
	60.26	59.70	57.02	57.36	62.85	60.40	58.11	45.62	750.0000
	60.07	59.42	56.72	57.14	62.45	60.04	57.75	45.67	752.0000
	59.89	59.15	56.44	56.92	62.07	59.70	57.41	45.72	754.0000
	59.70	58.90	56.17	56.70	61.68	59.37	57.08	45.76	756.0000
	59.51	58.65	55.92	56.49	61.32	59.06	56.76	45.80	758.0000
	59.33	58.42	55.68	56.28	60.96	58.75	56.45	45.83	760.0000
	59.15	58.21	55.46	56.08	60.62	58.46	56.16	45.86	762.0000
	58.97	57.99	55.25	55.87	60.27	58.18	55.86	45.90	764.0000
	58.79	57.79	55.05	55.67	59.95	57.90	55.59	45.91	766.0000
	58.62	57.59	54.86	55.48	59.63	57.64	55.32	45.93	768.0000
	58.44	57.42	54.67	55.29	59.32	57.39	55.06	45.95	770.0000
	58.27	57.24	54.50	55.10	59.02	57.14	54.82	45.96	772.0000
	58.10	57.07	54.33	54.92	58.72	56.91	54.58	45.97	774.0000
	57.94	56.91	54.18	54.74	58.43	56.67	54.35	45.98	776.0000
	57.77	56.75	54.03	54.56	58.15	56.46	54.13	45.98	778.0000
	57.61	56.60	53.89	54.39	57.89	56.25	53.92	45.98	780.0000
	57.45	56.45	53.75	54.22	57.62	56.04	53.71	45.98	782.0000
	57.30	56.31	53.62	54.05	57.37	55.84	53.52	45.97	784.0000
	57.14	56.17	53.49	53.89	57.12	55.65	53.33	45.97	786.0000
	56.99	56.04	53.37	53.73	56.88	55.46	53.14	45.96	788.0000
	56.84	55.92	53.26	53.58	56.65	55.28	52.97	45.95	790.0000
	56.69	55.79	53.15	53.42	56.42	55.11	52.80	45.94	792.0000
	56.55	55.66	53.04	53.28	56.20	54.94	52.64	45.92	794.0000
	56.40	55.55	52.93	53.13	55.98	54.77	52.48	45.91	796.0000
	56.26	55.44	52.84	52.99	55.77	54.62	52.33	45.89	798.0000
	56.13	55.33	52.74	52.85	55.57	54.46	52.19	45.87	800.0000
	55.99	55.22	52.65	52.72	55.38	54.32	52.05	45.85	802.0000
	55.85	55.12	52.56	52.58	55.19	54.17	51.92	45.83	804.0000
	55.72	55.06	52.54	52.45	55.00	54.27	51.79	45.81	806.0000
	55.59	55.24	52.82	52.32	54.86	55.00	51.67	45.79	808.0000
	55.47	55.69	53.42	52.21	54.85	56.11	51.58	45.76	810.0000
	55.38	56.34	54.24	52.14	54.98	57.33	51.56	45.74	812.0000
	55.32	57.08	55.16	52.11	55.23	58.56	51.61	45.72	814.0000
	55.31	57.87	56.13	52.13	55.58	59.72	51.74	45.69	816.0000
	55.35	58.66	57.09	52.20	55.99	60.81	51.95	45.67	818.0000
	55.42	59.44	58.03	52.32	56.45	61.82	52.22	45.64	820.0000
	55.54	60.20	58.92	52.49	56.95	62.76	52.54	45.61	822.0000
	55.68	60.91	59.77	52.69	57.46	63.63	52.91	45.59	824.0000
	55.85	61.59	60.57	52.91	57.99	64.44	53.32	45.56	826.0000
	56.05	62.25	61.32	53.16	58.52	65.20	53.75	45.54	828.0000
	56.26	62.86	62.03	53.42	59.06	65.91	54.20	45.51	830.0000
	56.48	63.45	62.69	53.69	59.59	66.57	54.67	45.49	832.0000
	56.71	63.99	63.30	53.97	60.12	67.20	55.14	45.48	834.0000
	56.95	64.51	63.88	54.25	60.65	67.79	55.62	45.45	836.0000
	57.20	65.00	64.42	54.55	61.17	68.35	56.10	45.44	838.0000
	57.44	65.47	64.92	54.84	61.68	68.87	56.57	45.43	840.0000
	57.69	65.91	65.40	55.14	62.18	69.38	57.04	45.42	842.0000
	57.95	66.33	65.85	55.43	62.68	69.86	57.50	45.41	844.0000
	58.20	66.72	66.26	55.73	63.17	70.32	57.95	45.41	846.0000
	58.46	67.10	66.65	56.01	63.64	70.75	58.40	45.41	848.0000
	58.72	67.45	67.02	56.30	64.10	71.18	58.83	45.42	850.0000
	58.96	67.79	67.36	56.58	64.56	71.59	59.25	45.42	852.0000
	59.22	68.12	67.69	56.86	65.00	71.97	59.65	45.44	854.0000
	59.47	68.43	68.01	57.14	65.44	72.35	60.05	45.45	856.0000
	59.72	68.73	68.30	57.42	65.86	72.70	60.44	45.48	858.0000
	59.96	69.01	68.57	57.69	66.27	73.06	60.81	45.50	860.0000
	60.21	69.29	68.84	57.94	66.66	73.38	61.17	45.53	862.0000
	60.45	69.54	69.09	58.21	67.05	73.71	61.52	45.56	864.0000
	60.69	69.79	69.32	58.46	67.43	74.02	61.85	45.60	866.0000
	60.92	70.04	69.55	58.72	67.80	74.32	62.18	45.64	868.0000
	61.15	70.27	69.76	58.96	68.16	74.61	62.49	45.68	870.0000
	61.39	70.49	69.97	59.20	68.51	74.89	62.79	45.72	872.0000
	61.61	70.70	70.16	59.43	68.85	75.16	63.08	45.77	874.0000
	61.84	70.91	70.35	59.66	69.18	75.43	63.36	45.83	876.0000
	62.05	71.11	70.53	59.88	69.51	75.68	63.64	45.88	878.0000
	62.27	71.31	70.70	60.10	69.82	75.92	63.90	45.94	880.0000
	62.49	71.49	70.87	60.33	70.13	76.17	64.15	45.99	882.0000
	62.70	71.67	71.04	60.54	70.42	76.39	64.40	46.05	884.0000
	62.91	71.85	71.19	60.75	70.70	76.61	64.64	46.12	886.0000
	63.11	72.02	71.33	60.95	70.98	76.83	64.86	46.19	888.0000
	63.31	72.18	71.47	61.15	71.25	77.03	65.08	46.26	890.0000
	63.51	72.34	71.61	61.34	71.51	77.24	65.29	46.33	892.0000
	63.70	72.49	71.75	61.53	71.77	77.44	65.49	46.40	894.0000
	63.90	72.65	71.88	61.72	72.02	77.62	65.69	46.46	896.0000
	64.09	72.79	72.00	61.90	72.26	77.81	65.87	46.54	898.0000
	64.28	72.94	72.12	62.08	72.50	77.98	66.05	46.61	900.0000
	64.46	73.08	72.24	62.26	72.72	78.16	66.23	46.69	902.0000
	64.64	73.21	72.35	62.43	72.94	78.33	66.40	46.77	904.0000
	64.82	73.33	72.44	62.60	73.16	78.41	66.57	46.84	906.0000
	64.99	73.28	72.32	62.77	73.35	77.98	66.73	46.93	908.0000
	65.16	72.98	71.90	62.92	73.46	77.10	66.87	47.01	910.0000
	65.30	72.46	71.23	63.05	73.43	76.03	66.95	47.09	912.0000
	65.42	71.83	70.44	63.13	73.28	74.92	66.98	47.17	914.0000
	65.49	71.14	69.59	63.17	73.03	73.84	66.92	47.25	916.0000
	65.52	70.43	68.73	63.16	72.71	72.82	66.80	47.34	918.0000
	65.50	69.73	67.89	63.10	72.33	71.86	66.60	47.42	920.0000
	65.45	69.05	67.07	63.00	71.92	70.97	66.35	47.50	922.0000
	65.37	68.40	66.30	62.87	71.49	70.15	66.05	47.57	924.0000
	65.26	67.78	65.57	62.71	71.04	69.39	65.72	47.65	926.0000
	65.13	67.19	64.89	62.53	70.57	68.68	65.36	47.73	928.0000
	64.98	66.64	64.25	62.34	70.11	68.02	64.98	47.81	930.0000
	64.82	66.11	63.65	62.13	69.63	67.39	64.58	47.88	932.0000
	64.65	65.62	63.09	61.91	69.16	66.82	64.17	47.96	934.0000
	64.47	65.16	62.56	61.68	68.69	66.26	63.76	48.03	936.0000
	64.28	64.71	62.08	61.45	68.23	65.74	63.35	48.10	938.0000
	64.09	64.30	61.61	61.22	67.78	65.25	62.94	48.16	940.0000
	63.90	63.91	61.19	60.98	67.33	64.78	62.53	48.23	942.0000
	63.71	63.54	60.78	60.75	66.89	64.34	62.13	48.28	944.0000
	63.51	63.20	60.40	60.51	66.45	63.91	61.73	48.34	946.0000
	63.31	62.87	60.05	60.28	66.02	63.51	61.35	48.39	948.0000
	63.12	62.56	59.72	60.05	65.61	63.12	60.97	48.43	950.0000
	62.92	62.26	59.40	59.82	65.20	62.75	60.61	48.48	952.0000
	62.72	61.98	59.11	59.59	64.81	62.40	60.26	48.52	954.0000
	62.52	61.70	58.83	59.37	64.42	62.05	59.91	48.56	956.0000
	62.33	61.45	58.57	59.15	64.04	61.72	59.58	48.59	958.0000
	62.14	61.21	58.32	58.92	63.67	61.40	59.26	48.62	960.0000
	61.95	60.97	58.08	58.71	63.31	61.10	58.96	48.65	962.0000
	61.76	60.75	57.86	58.50	62.96	60.80	58.66	48.67	964.0000
	61.57	60.54	57.64	58.29	62.61	60.51	58.37	48.69	966.0000
	61.39	60.34	57.44	58.09	62.28	60.24	58.09	48.71	968.0000
	61.20	60.14	57.25	57.89	61.96	59.97	57.82	48.72	970.0000
	61.02	59.95	57.06	57.69	61.65	59.72	57.56	48.72	972.0000
	60.84	59.77	56.89	57.50	61.34	59.47	57.31	48.73	974.0000
	60.67	59.59	56.72	57.31	61.04	59.24	57.07	48.73	976.0000
	60.49	59.43	56.56	57.12	60.75	59.01	56.84	48.73	978.0000
	60.32	59.27	56.41	56.94	60.47	58.78	56.61	48.72	980.0000
	60.16	59.11	56.26	56.76	60.19	58.56	56.40	48.71	982.0000
	59.99	58.96	56.13	56.59	59.92	58.35	56.20	48.71	984.0000
	59.82	58.81	55.99	56.42	59.67	58.15	56.00	48.70	986.0000
	59.66	58.67	55.86	56.25	59.42	57.95	55.81	48.68	988.0000
	59.50	58.53	55.73	56.09	59.17	57.76	55.62	48.67	990.0000
	59.34	58.40	55.61	55.92	58.93	57.58	55.44	48.65	992.0000
	59.19	58.27	55.50	55.76	58.70	57.40	55.27	48.63	994.0000
	59.04	58.14	55.38	55.60	58.48	57.23	55.11	48.61	996.0000
	58.89	58.02	55.27	55.45	58.26	57.06	54.95	48.58	998.0000
	58.74	57.90	55.17	55.31	58.05	56.90	54.79	48.55	1000.0000
	58.60	57.78	55.06	55.16	57.84	56.73	54.64	48.52	1002.0000
	58.45	57.66	54.97	55.02	57.64	56.58	54.50	48.50	1004.0000
	58.31	57.56	54.88	54.88	57.44	56.48	54.37	48.48	1006.0000
	58.17	57.60	54.98	54.74	57.27	56.90	54.24	48.45	1008.0000
	58.04	57.92	55.43	54.62	57.18	57.85	54.12	48.42	1010.0000
	57.92	58.48	56.16	54.51	57.23	59.05	54.06	48.39	1012.0000
	57.84	59.18	57.05	54.45	57.41	60.28	54.07	48.36	1014.0000
	57.80	59.94	57.99	54.45	57.72	61.47	54.15	48.32	1016.0000
	57.80	60.74	58.97	54.50	58.10	62.61	54.31	48.29	1018.0000
	57.86	61.52	59.91	54.59	58.53	63.66	54.55	48.26	1020.0000
	57.95	62.29	60.83	54.73	59.02	64.63	54.85	48.23	1022.0000
	58.07	63.03	61.69	54.91	59.51	65.53	55.19	48.20	1024.0000
	58.23	63.72	62.52	55.12	60.04	66.36	55.58	48.17	1026.0000
	58.40	64.38	63.29	55.35	60.56	67.15	55.99	48.14	1028.0000
	58.59	65.01	64.01	55.60	61.09	67.87	56.44	48.11	1030.0000
	58.81	65.60	64.69	55.86	61.62	68.55	56.90	48.08	1032.0000
	59.03	66.16	65.32	56.13	62.15	69.18	57.36	48.05	1034.0000
	59.26	66.69	65.91	56.41	62.66	69.78	57.84	48.03	1036.0000
	59.50	67.18	66.46	56.70	63.19	70.35	58.31	48.01	1038.0000
	59.73	67.65	66.98	56.99	63.70	70.89	58.78	47.99	1040.0000
	59.98	68.10	67.46	57.28	64.20	71.40	59.25	47.97	1042.0000
	60.23	68.52	67.91	57.56	64.69	71.88	59.71	47.96	1044.0000
	60.48	68.92	68.34	57.85	65.18	72.35	60.16	47.95	1046.0000
	60.73	69.30	68.73	58.13	65.65	72.79	60.60	47.94	1048.0000
	60.98	69.66	69.11	58.42	66.11	73.21	61.03	47.94	1050.0000
	61.23	70.00	69.45	58.70	66.57	73.61	61.46	47.94	1052.0000
	61.47	70.33	69.78	58.98	67.01	74.00	61.86	47.94	1054.0000
	61.72	70.64	70.10	59.26	67.44	74.38	62.26	47.95	1056.0000
	61.96	70.94	70.39	59.52	67.86	74.74	62.64	47.97	1058.0000
	62.21	71.22	70.67	59.79	68.27	75.09	63.02	47.98	1060.0000
	62.44	71.49	70.93	60.04	68.67	75.42	63.38	48.01	1062.0000
	62.68	71.75	71.18	60.30	69.06	75.74	63.73	48.03	1064.0000
	62.91	72.00	71.40	60.54	69.44	76.05	64.06	48.06	1066.0000
	63.14	72.23	71.64	60.79	69.80	76.35	64.39	48.10	1068.0000
	63.37	72.46	71.85	61.03	70.15	76.64	64.70	48.13	1070.0000
	63.59	72.68	72.05	61.27	70.51	76.92	65.00	48.17	1072.0000
	63.81	72.90	72.24	61.50	70.84	77.19	65.30	48.21	1074.0000
	64.03	73.10	72.44	61.73	71.17	77.45	65.57	48.26	1076.0000
	64.25	73.29	72.61	61.95	71.49	77.70	65.84	48.30	1078.0000
	64.46	73.48	72.78	62.17	71.81	77.94	66.10	48.35	1080.0000
	64.67	73.66	72.95	62.38	72.10	78.17	66.36	48.40	1082.0000
	64.88	73.84	73.11	62.59	72.39	78.40	66.60	48.46	1084.0000
	65.08	74.01	73.26	62.80	72.68	78.63	66.84	48.52	1086.0000
	65.28	74.18	73.40	63.00	72.97	78.84	67.06	48.58	1088.0000
	65.48	74.34	73.54	63.19	73.23	79.04	67.27	48.64	1090.0000
	65.67	74.50	73.68	63.39	73.50	79.24	67.49	48.70	1092.0000
	65.86	74.64	73.80	63.57	73.74	79.43	67.69	48.77	1094.0000
	66.04	74.79	73.93	63.75	73.99	79.62	67.88	48.83	1096.0000
	66.23	74.93	74.05	63.93	74.23	79.80	68.07	48.90	1098.0000
	66.42	75.07	74.16	64.10	74.46	79.97	68.25	48.97	1100.0000
	66.59	75.20	74.27	64.27	74.69	80.15	68.42	49.04	1102.0000
	66.77	75.34	74.39	64.44	74.91	80.31	68.59	49.12	1104.0000