#   T1      T2      T3      T4      T5      T6      T7      T8      T1
    27.49	27.64	27.61	27.10	26.82	27.05	27.58	27.47	0.0000
    27.49	27.69	27.67	27.10	26.84	27.23	27.60	27.46	2.0000
    27.49	27.93	27.99	27.11	26.89	28.05	27.62	27.45	4.0000
    27.50	28.47	28.64	27.12	27.05	29.28	27.67	27.44	6.0000
    27.52	29.19	29.53	27.17	27.35	30.65	27.76	27.43	8.0000
    27.58	30.03	30.52	27.25	27.77	32.03	27.94	27.42	10.0000
    27.68	30.91	31.58	27.38	28.29	33.34	28.17	27.42	12.0000
    27.83	31.80	32.64	27.56	28.88	34.58	28.50	27.42	14.0000
    28.01	32.67	33.66	27.79	29.52	35.74	28.86	27.42	16.0000
    28.23	33.52	34.66	28.05	30.17	36.84	29.29	27.41	18.0000
    28.47	34.34	35.60	28.36	30.86	37.85	29.76	27.40	20.0000
    28.76	35.13	36.50	28.68	31.54	38.80	30.27	27.40	22.0000
    29.05	35.88	37.35	29.02	32.24	39.70	30.80	27.40	24.0000
    29.36	36.60	38.16	29.38	32.93	40.55	31.35	27.41	26.0000
    29.68	37.29	38.92	29.76	33.61	41.35	31.91	27.41	28.0000
    30.01	37.94	39.64	30.14	34.30	42.11	32.47	27.41	30.0000
    30.35	38.56	40.32	30.53	34.98	42.84	33.04	27.42	32.0000
    30.70	39.16	40.96	30.92	35.65	43.52	33.60	27.43	34.0000
    31.06	39.72	41.56	31.31	36.31	44.19	34.18	27.45	36.0000
    31.41	40.26	42.13	31.71	36.96	44.82	34.73	27.46	38.0000
    31.76	40.78	42.68	32.10	37.59	45.42	35.27	27.48	40.0000
    32.11	41.26	43.17	32.49	38.21	45.94	35.81	27.50	42.0000
    32.46	41.57	43.45	32.87	38.81	45.90	36.33	27.53	44.0000
    32.82	41.58	43.37	33.25	39.30	45.35	36.83	27.56	46.0000
    33.15	41.37	43.02	33.61	39.65	44.60	37.28	27.60	48.0000
    33.45	41.01	42.51	33.91	39.87	43.79	37.64	27.64	50.0000
    33.71	40.58	41.93	34.17	39.96	43.01	37.92	27.68	52.0000
    33.92	40.13	41.32	34.37	39.98	42.28	38.12	27.73	54.0000
    34.09	39.67	40.71	34.52	39.93	41.62	38.24	27.77	56.0000
    34.22	39.22	40.13	34.63	39.85	41.02	38.30	27.83	58.0000
    34.32	38.79	39.56	34.70	39.72	40.48	38.29	27.88	60.0000
    34.39	38.38	39.04	34.75	39.59	39.98	38.23	27.95	62.0000
    34.45	38.00	38.56	34.77	39.43	39.54	38.14	28.01	64.0000
    34.47	37.64	38.10	34.76	39.26	39.13	38.03	28.07	66.0000
    34.49	37.31	37.68	34.74	39.07	38.76	37.89	28.14	68.0000
    34.49	37.00	37.30	34.70	38.89	38.42	37.72	28.20	70.0000
    34.49	36.71	36.94	34.66	38.70	38.11	37.55	28.26	72.0000
    34.47	36.45	36.61	34.61	38.51	37.83	37.36	28.33	74.0000
    34.44	36.20	36.31	34.55	38.31	37.56	37.16	28.40	76.0000
    34.42	35.97	36.03	34.49	38.12	37.31	36.97	28.47	78.0000
    34.38	35.76	35.78	34.42	37.92	37.08	36.78	28.54	80.0000
    34.35	35.57	35.55	34.35	37.73	36.86	36.58	28.60	82.0000
    34.31	35.42	35.38	34.29	37.55	36.83	36.39	28.67	84.0000
    34.27	35.50	35.48	34.21	37.40	37.45	36.21	28.73	86.0000
    34.24	35.88	35.94	34.15	37.37	38.51	36.05	28.79	88.0000
    34.23	36.47	36.66	34.11	37.49	39.72	35.94	28.85	90.0000
    34.23	37.17	37.51	34.12	37.73	40.94	35.92	28.91	92.0000
    34.29	37.94	38.42	34.18	38.08	42.11	35.98	28.96	94.0000
    34.39	38.72	39.34	34.29	38.50	43.20	36.11	29.01	96.0000
    34.54	39.49	40.23	34.44	38.97	44.21	36.32	29.07	98.0000
    34.72	40.24	41.10	34.64	39.47	45.15	36.58	29.11	100.0000
    34.93	40.96	41.91	34.87	39.99	46.02	36.90	29.16	102.0000
    35.16	41.64	42.70	35.13	40.52	46.82	37.26	29.21	104.0000
    35.42	42.30	43.44	35.41	41.06	47.58	37.64	29.25	106.0000
    35.68	42.92	44.13	35.70	41.61	48.28	38.06	29.30	108.0000
    35.96	43.52	44.79	36.01	42.15	48.95	38.49	29.34	110.0000
    36.26	44.09	45.40	36.32	42.69	49.57	38.91	29.38	112.0000
    36.55	44.63	45.98	36.64	43.23	50.17	39.36	29.43	114.0000
    36.86	45.14	46.53	36.97	43.75	50.73	39.80	29.47	116.0000
    37.16	45.63	47.04	37.30	44.28	51.27	40.25	29.52	118.0000
    37.47	46.10	47.53	37.62	44.80	51.78	40.69	29.56	120.0000
    37.77	46.55	47.99	37.95	45.30	52.27	41.13	29.60	122.0000
    38.09	46.97	48.42	38.27	45.80	52.74	41.56	29.66	124.0000
    38.40	47.30	48.73	38.60	46.28	52.85	41.98	29.71	126.0000
    38.70	47.37	48.72	38.91	46.70	52.37	42.40	29.76	128.0000
    39.00	47.17	48.39	39.21	46.99	51.58	42.76	29.81	130.0000
    39.27	46.81	47.88	39.47	47.14	50.69	43.06	29.87	132.0000
    39.50	46.35	47.27	39.69	47.17	49.81	43.29	29.93	134.0000
    39.68	45.85	46.60	39.86	47.11	48.97	43.43	29.99	136.0000
    39.83	45.34	45.93	39.96	46.98	48.21	43.48	30.05	138.0000
    39.94	44.84	45.29	40.04	46.81	47.49	43.48	30.12	140.0000
    40.01	44.36	44.68	40.07	46.61	46.84	43.42	30.19	142.0000
    40.05	43.89	44.10	40.07	46.38	46.25	43.31	30.26	144.0000
    40.07	43.46	43.55	40.05	46.13	45.71	43.17	30.33	146.0000
    40.06	43.05	43.04	40.00	45.88	45.22	42.99	30.40	148.0000
    40.05	42.67	42.57	39.93	45.60	44.77	42.79	30.47	150.0000
    40.01	42.31	42.13	39.85	45.33	44.34	42.56	30.54	152.0000
    39.97	41.98	41.73	39.76	45.06	43.95	42.33	30.62	154.0000
    39.92	41.67	41.35	39.67	44.79	43.59	42.08	30.69	156.0000
    39.87	41.39	41.01	39.57	44.52	43.25	41.84	30.76	158.0000
    39.80	41.12	40.68	39.44	44.24	42.93	41.59	30.83	160.0000
    39.74	40.87	40.39	39.34	43.98	42.63	41.34	30.90	162.0000
    39.67	40.64	40.12	39.23	43.72	42.35	41.10	30.97	164.0000
    39.60	40.42	39.87	39.13	43.46	42.10	40.85	31.04	166.0000
    39.53	40.33	39.76	39.01	43.22	42.29	40.61	31.11	168.0000
    39.46	40.52	40.01	38.91	43.05	43.10	40.39	31.17	170.0000
    39.40	40.98	40.57	38.82	43.02	44.18	40.21	31.22	172.0000
    39.36	41.59	41.31	38.76	43.13	45.34	40.09	31.28	174.0000
    39.37	42.29	42.15	38.75	43.36	46.48	40.06	31.34	176.0000
    39.42	43.03	43.02	38.80	43.67	47.54	40.10	31.39	178.0000
    39.51	43.77	43.89	38.89	44.05	48.53	40.23	31.44	180.0000
    39.64	44.50	44.74	39.03	44.47	49.45	40.42	31.49	182.0000
    39.80	45.20	45.54	39.20	44.91	50.30	40.67	31.54	184.0000
    39.99	45.87	46.30	39.40	45.38	51.09	40.96	31.57	186.0000
    40.20	46.51	47.03	39.63	45.86	51.82	41.28	31.61	188.0000
    40.43	47.13	47.72	39.89	46.34	52.50	41.65	31.66	190.0000
    40.68	47.71	48.37	40.15	46.82	53.15	42.02	31.70	192.0000
    40.94	48.27	48.98	40.43	47.31	53.75	42.42	31.74	194.0000
    41.20	48.79	49.55	40.71	47.80	54.32	42.82	31.79	196.0000
	41.47	49.30	50.09	41.00	48.28	54.86	43.23	31.83	198.0000
	41.75	49.77	50.59	41.29	48.75	55.37	43.64	31.86	200.0000
	42.02	50.22	51.06	41.58	49.22	55.85	44.06	31.91	202.0000
	42.30	50.65	51.51	41.87	49.68	56.32	44.47	31.95	204.0000
	42.59	51.07	51.93	42.17	50.13	56.75	44.87	31.99	206.0000
	42.87	51.44	52.30	42.46	50.58	57.06	45.26	32.03	208.0000
	43.15	51.61	52.42	42.75	51.00	56.79	45.65	32.08	210.0000
	43.43	51.51	52.21	43.03	51.31	56.09	46.01	32.13	212.0000
	43.68	51.19	51.75	43.28	51.47	55.21	46.32	32.19	214.0000
	43.91	50.75	51.15	43.49	51.52	54.29	46.55	32.24	216.0000
	44.09	50.24	50.49	43.65	51.46	53.40	46.70	32.29	218.0000
	44.23	49.72	49.82	43.76	51.33	52.57	46.78	32.35	220.0000
	44.33	49.19	49.15	43.82	51.13	51.81	46.79	32.41	222.0000
	44.39	48.68	48.50	43.85	50.91	51.11	46.72	32.47	224.0000
	44.42	48.20	47.90	43.83	50.66	50.47	46.62	32.54	226.0000
	44.42	47.73	47.32	43.79	50.39	49.89	46.46	32.60	228.0000
	44.41	47.30	46.78	43.73	50.11	49.35	46.27	32.67	230.0000
	44.37	46.89	46.28	43.65	49.82	48.85	46.06	32.73	232.0000
	44.32	46.51	45.81	43.55	49.52	48.40	45.83	32.80	234.0000
	44.27	46.15	45.38	43.44	49.22	47.97	45.58	32.87	236.0000
	44.19	45.81	44.98	43.33	48.92	47.57	45.33	32.94	238.0000
	44.12	45.50	44.61	43.21	48.62	47.20	45.07	33.01	240.0000
	44.04	45.21	44.26	43.09	48.32	46.85	44.81	33.08	242.0000
	43.95	44.94	43.94	42.97	48.03	46.53	44.54	33.14	244.0000
	43.86	44.68	43.65	42.83	47.74	46.22	44.28	33.20	246.0000
	43.78	44.44	43.38	42.70	47.45	45.95	44.02	33.27	248.0000
	43.68	44.33	43.27	42.57	47.19	46.13	43.76	33.33	250.0000
	43.59	44.51	43.51	42.44	46.99	46.92	43.53	33.39	252.0000
	43.51	44.95	44.06	42.33	46.94	47.99	43.34	33.45	254.0000
	43.46	45.55	44.79	42.25	47.03	49.12	43.21	33.50	256.0000
	43.44	46.24	45.61	42.23	47.24	50.23	43.16	33.55	258.0000
	43.48	46.95	46.47	42.26	47.53	51.28	43.20	33.60	260.0000
	43.55	47.68	47.33	42.34	47.88	52.24	43.32	33.65	262.0000
	43.66	48.39	48.16	42.47	48.28	53.14	43.49	33.69	264.0000
	43.80	49.07	48.95	42.62	48.70	53.97	43.73	33.74	266.0000
	43.98	49.73	49.71	42.81	49.14	54.74	44.01	33.78	268.0000
	44.18	50.35	50.42	43.03	49.60	55.45	44.33	33.82	270.0000
	44.39	50.95	51.09	43.26	50.06	56.12	44.68	33.86	272.0000
	44.62	51.52	51.72	43.50	50.52	56.73	45.04	33.89	274.0000
	44.86	52.06	52.30	43.77	50.99	57.31	45.42	33.93	276.0000
	45.10	52.57	52.86	44.03	51.45	57.86	45.81	33.96	278.0000
	45.36	53.05	53.38	44.30	51.91	58.38	46.20	34.00	280.0000
	45.62	53.51	53.86	44.58	52.37	58.86	46.60	34.04	282.0000
	45.88	53.95	54.32	44.86	52.82	59.32	47.00	34.08	284.0000
	46.15	54.36	54.75	45.13	53.26	59.77	47.39	34.11	286.0000
	46.41	54.76	55.16	45.41	53.70	60.19	47.78	34.16	288.0000
	46.67	55.10	55.49	45.69	54.12	60.40	48.18	34.20	290.0000
	46.94	55.20	55.53	45.97	54.50	60.02	48.54	34.24	292.0000
	47.20	55.03	55.25	46.23	54.77	59.25	48.89	34.29	294.0000
	47.43	54.67	54.74	46.46	54.91	58.34	49.17	34.34	296.0000
	47.63	54.20	54.12	46.64	54.91	57.40	49.38	34.39	298.0000
	47.79	53.67	53.44	46.78	54.81	56.51	49.51	34.44	300.0000
	47.91	53.13	52.75	46.86	54.65	55.68	49.56	34.50	302.0000
	47.98	52.59	52.07	46.90	54.44	54.91	49.53	34.55	304.0000
	48.01	52.07	51.42	46.90	54.19	54.21	49.46	34.61	306.0000
	48.02	51.57	50.80	46.87	53.92	53.56	49.33	34.67	308.0000
	48.01	51.09	50.22	46.81	53.63	52.98	49.16	34.74	310.0000
	47.97	50.65	49.69	46.74	53.33	52.43	48.96	34.80	312.0000
	47.91	50.23	49.18	46.64	53.01	51.93	48.73	34.87	314.0000
	47.85	49.84	48.71	46.53	52.70	51.46	48.49	34.93	316.0000
	47.77	49.47	48.26	46.41	52.38	51.02	48.23	35.00	318.0000
	47.68	49.12	47.86	46.28	52.06	50.62	47.96	35.06	320.0000
	47.59	48.80	47.48	46.14	51.75	50.24	47.69	35.13	322.0000
	47.49	48.50	47.13	46.00	51.44	49.88	47.41	35.18	324.0000
	47.39	48.22	46.81	45.86	51.13	49.54	47.13	35.25	326.0000
	47.29	47.95	46.50	45.72	50.84	49.23	46.86	35.31	328.0000
	47.18	47.70	46.23	45.57	50.53	48.96	46.60	35.37	330.0000
	47.07	47.61	46.14	45.43	50.25	49.22	46.33	35.43	332.0000
	46.97	47.82	46.43	45.29	50.06	50.04	46.09	35.49	334.0000
	46.87	48.27	46.99	45.17	50.01	51.11	45.90	35.53	336.0000
	46.81	48.87	47.73	45.09	50.10	52.23	45.77	35.59	338.0000
	46.79	49.56	48.56	45.07	50.31	53.34	45.72	35.63	340.0000
	46.81	50.27	49.42	45.09	50.60	54.36	45.76	35.68	342.0000
	46.87	50.99	50.27	45.17	50.95	55.32	45.88	35.72	344.0000
	46.98	51.68	51.08	45.28	51.33	56.20	46.06	35.77	346.0000
	47.12	52.36	51.87	45.44	51.75	57.02	46.30	35.81	348.0000
	47.28	53.01	52.62	45.63	52.18	57.77	46.58	35.84	350.0000
	47.47	53.62	53.31	45.83	52.63	58.46	46.89	35.88	352.0000
	47.67	54.21	53.94	46.04	53.08	59.11	47.22	35.90	354.0000
	47.89	54.76	54.56	46.29	53.54	59.71	47.58	35.93	356.0000
	48.12	55.28	55.15	46.55	53.99	60.28	47.96	35.97	358.0000
	48.36	55.77	55.69	46.81	54.45	60.81	48.35	36.01	360.0000
	48.60	56.24	56.20	47.07	54.89	61.31	48.75	36.04	362.0000
	48.85	56.69	56.68	47.34	55.34	61.78	49.14	36.08	364.0000
	49.10	57.12	57.12	47.61	55.77	62.23	49.54	36.12	366.0000
	49.35	57.51	57.54	47.88	56.20	62.66	49.93	36.15	368.0000
	49.61	57.89	57.94	48.15	56.62	63.08	50.31	36.19	370.0000
	49.86	58.22	58.25	48.41	57.04	63.26	50.69	36.23	372.0000
	50.11	58.30	58.27	48.67	57.40	62.85	51.06	36.27	374.0000
	50.36	58.12	57.97	48.93	57.65	62.07	51.40	36.31	376.0000
	50.58	57.74	57.46	49.16	57.77	61.15	51.67	36.36	378.0000
	50.77	57.26	56.82	49.32	57.76	60.22	51.87	36.41	380.0000
	50.91	56.72	56.13	49.45	57.66	59.32	51.98	36.46	382.0000
	51.02	56.17	55.43	49.53	57.49	58.48	52.02	36.51	384.0000
	51.08	55.62	54.74	49.55	57.26	57.71	51.99	36.56	386.0000
	51.10	55.09	54.09	49.54	57.00	56.98	51.90	36.62	388.0000
	51.10	54.58	53.46	49.50	56.72	56.33	51.77	36.68	390.0000
	51.07	54.09	52.88	49.43	56.42	55.73	51.59	36.73	392.0000
	51.02	53.64	52.33	49.34	56.11	55.19	51.38	36.79	394.0000
	50.95	53.21	51.81	49.23	55.79	54.67	51.14	36.86	396.0000
	50.87	52.80	51.33	49.12	55.47	54.19	50.89	36.92	398.0000
	50.79	52.41	50.89	48.99	55.15	53.75	50.64	36.98	400.0000
	50.69	52.06	50.47	48.85	54.82	53.33	50.36	37.05	402.0000
	50.58	51.73	50.08	48.71	54.49	52.94	50.08	37.11	404.0000
	50.48	51.41	49.72	48.56	54.17	52.56	49.81	37.17	406.0000
	50.36	51.12	49.38	48.41	53.85	52.22	49.52	37.22	408.0000
	50.24	50.84	49.08	48.26	53.54	51.89	49.24	37.28	410.0000
	50.13	50.59	48.80	48.10	53.23	51.64	48.97	37.34	412.0000
	50.01	50.51	48.75	47.95	52.95	51.98	48.70	37.40	414.0000
	49.89	50.74	49.06	47.81	52.76	52.83	48.46	37.45	416.0000
	49.79	51.20	49.64	47.68	52.71	53.89	48.26	37.50	418.0000
	49.72	51.80	50.39	47.60	52.81	55.00	48.14	37.55	420.0000
	49.70	52.48	51.21	47.57	53.01	56.06	48.10	37.60	422.0000
	49.71	53.18	52.05	47.60	53.30	57.07	48.14	37.64	424.0000
	49.77	53.88	52.88	47.66	53.64	58.00	48.26	37.68	426.0000
	49.86	54.56	53.68	47.78	54.01	58.85	48.43	37.72	428.0000
	50.00	55.21	54.44	47.93	54.42	59.65	48.66	37.75	430.0000
	50.15	55.84	55.16	48.11	54.84	60.38	48.94	37.80	432.0000
	50.33	56.44	55.85	48.31	55.27	61.05	49.25	37.83	434.0000
	50.52	57.00	56.48	48.53	55.71	61.68	49.58	37.86	436.0000
	50.73	57.54	57.08	48.76	56.15	62.27	49.94	37.89	438.0000
	50.95	58.05	57.64	49.00	56.59	62.81	50.30	37.92	440.0000
	51.17	58.53	58.17	49.25	57.03	63.34	50.69	37.96	442.0000
	51.41	58.99	58.66	49.51	57.47	63.82	51.07	37.98	444.0000
	51.65	59.42	59.12	49.76	57.89	64.29	51.45	38.01	446.0000
	51.89	59.83	59.55	50.02	58.32	64.73	51.84	38.04	448.0000
	52.13	60.22	59.96	50.28	58.74	65.14	52.22	38.08	450.0000
	52.37	60.59	60.35	50.53	59.15	65.55	52.61	38.11	452.0000
	52.62	60.87	60.60	50.79	59.54	65.59	52.97	38.15	454.0000
	52.86	60.88	60.53	51.05	59.88	65.06	53.33	38.19	456.0000
	53.09	60.63	60.16	51.29	60.09	64.22	53.65	38.23	458.0000
	53.30	60.21	59.60	51.49	60.17	63.29	53.89	38.28	460.0000
	53.46	59.70	58.95	51.65	60.12	62.35	54.07	38.32	462.0000
	53.58	59.15	58.25	51.74	59.99	61.45	54.16	38.37	464.0000
	53.66	58.59	57.55	51.80	59.80	60.62	54.19	38.42	466.0000
	53.71	58.03	56.86	51.82	59.56	59.86	54.13	38.47	468.0000
	53.71	57.50	56.21	51.79	59.29	59.16	54.03	38.52	470.0000
	53.69	56.99	55.58	51.73	59.00	58.51	53.87	38.58	472.0000
	53.65	56.50	55.00	51.65	58.68	57.91	53.69	38.64	474.0000
	53.58	56.04	54.45	51.55	58.36	57.36	53.47	38.70	476.0000
	53.51	55.61	53.94	51.42	58.03	56.85	53.22	38.75	478.0000
	53.41	55.20	53.46	51.30	57.70	56.37	52.96	38.81	480.0000
	53.31	54.82	52.99	51.12	57.36	55.93	52.67	38.86	482.0000
	53.20	54.46	52.58	51.00	57.03	55.50	52.40	38.92	484.0000
	53.09	54.11	52.20	50.84	56.70	55.11	52.11	38.98	486.0000
	52.96	53.80	51.84	50.69	56.37	54.74	51.82	39.03	488.0000
	52.84	53.51	51.51	50.54	56.05	54.39	51.54	39.10	490.0000
	52.72	53.22	51.20	50.38	55.73	54.06	51.26	39.15	492.0000
	52.59	53.00	50.97	50.22	55.42	53.96	50.98	39.20	494.0000
	52.46	53.03	51.05	50.07	55.16	54.52	50.72	39.26	496.0000
	52.34	53.34	51.46	49.92	55.01	55.47	50.48	39.30	498.0000
	52.24	53.85	52.11	49.81	55.01	56.55	50.31	39.36	500.0000
	52.17	54.48	52.88	49.73	55.14	57.63	50.21	39.40	502.0000
	52.15	55.16	53.69	49.69	55.36	58.66	50.18	39.43	504.0000
	52.18	55.84	54.52	49.74	55.65	59.62	50.24	39.47	506.0000
	52.24	56.53	55.34	49.83	56.00	60.51	50.38	39.51	508.0000
	52.35	57.19	56.12	49.95	56.39	61.33	50.58	39.55	510.0000
	52.47	57.82	56.86	50.11	56.79	62.09	50.82	39.58	512.0000
	52.63	58.43	57.55	50.29	57.20	62.79	51.10	39.61	514.0000
	52.81	59.00	58.21	50.49	57.62	63.44	51.42	39.64	516.0000
	52.99	59.55	58.82	50.71	58.05	64.04	51.76	39.68	518.0000
	53.20	60.06	59.40	50.94	58.49	64.60	52.11	39.70	520.0000
	53.42	60.55	59.93	51.18	58.92	65.13	52.48	39.73	522.0000
	53.63	61.01	60.43	51.42	59.34	65.62	52.86	39.76	524.0000
	53.86	61.44	60.90	51.67	59.77	66.09	53.23	39.79	526.0000
	54.08	61.86	61.30	51.89	60.17	66.53	53.59	39.81	528.0000
	54.32	62.25	61.72	52.15	60.58	66.94	53.96	39.84	530.0000
	54.55	62.63	62.13	52.41	60.99	67.35	54.34	39.88	532.0000
	54.78	62.97	62.48	52.66	61.40	67.66	54.71	39.91	534.0000
	55.02	63.13	62.59	52.91	61.77	67.42	55.07	39.94	536.0000
	55.25	63.01	62.38	53.16	62.04	66.72	55.41	39.98	538.0000
	55.46	62.66	61.91	53.38	62.19	65.82	55.69	40.02	540.0000
	55.64	62.19	61.29	53.55	62.20	64.87	55.90	40.07	542.0000
	55.78	61.66	60.60	53.67	62.11	63.95	56.04	40.11	544.0000
	55.88	61.09	59.89	53.74	61.95	63.09	56.09	40.15	546.0000
	55.93	60.52	59.20	53.77	61.72	62.28	56.08	40.21	548.0000
	55.95	59.97	58.52	53.76	61.46	61.54	56.00	40.25	550.0000
	55.93	59.43	57.87	53.70	61.18	60.86	55.86	40.31	552.0000
	55.89	58.92	57.27	53.63	60.87	60.23	55.69	40.36	554.0000
	55.83	58.45	56.70	53.53	60.54	59.65	55.49	40.41	556.0000
	55.75	57.99	56.16	53.42	60.21	59.11	55.25	40.46	558.0000
	55.65	57.56	55.66	53.29	59.87	58.61	54.99	40.52	560.0000
	55.55	57.16	55.19	53.15	59.53	58.15	54.72	40.58	562.0000
	55.44	56.78	54.72	52.94	59.20	57.71	54.41	40.62	564.0000
	55.32	56.42	54.33	52.81	58.86	57.30	54.12	40.67	566.0000
	55.19	56.09	53.95	52.66	58.52	56.91	53.84	40.73	568.0000
	55.06	55.77	53.61	52.50	58.19	56.55	53.56	40.79	570.0000
	54.93	55.48	53.28	52.35	57.86	56.19	53.28	40.85	572.0000
	54.79	55.20	52.97	52.18	57.54	55.86	53.00	40.90	574.0000
	54.66	54.94	52.69	52.02	57.23	55.55	52.72	40.95	576.0000
	54.52	54.76	52.52	51.85	56.92	55.61	52.45	41.00	578.0000
	54.38	54.86	52.69	51.69	56.68	56.26	52.19	41.04	580.0000
	54.26	55.23	53.17	51.54	56.57	57.25	51.97	41.09	582.0000
	54.16	55.77	53.85	51.43	56.59	58.34	51.82	41.13	584.0000
	54.09	56.41	54.64	51.37	56.74	59.41	51.74	41.17	586.0000
	54.07	57.09	55.48	51.36	56.98	60.44	51.74	41.20	588.0000
	54.10	57.79	56.31	51.40	57.30	61.38	51.82	41.23	590.0000
	54.17	58.46	57.11	51.49	57.65	62.26	51.98	41.26	592.0000
	54.27	59.12	57.88	51.61	58.03	63.07	52.18	41.29	594.0000
	54.39	59.74	58.61	51.76	58.43	63.80	52.44	41.32	596.0000
	54.55	60.34	59.29	51.95	58.85	64.49	52.73	41.35	598.0000
	54.72	60.91	59.94	52.14	59.27	65.13	53.05	41.37	600.0000
	54.91	61.45	60.55	52.36	59.70	65.73	53.39	41.39	602.0000
	55.10	61.96	61.10	52.57	60.13	66.29	53.75	41.41	604.0000
	55.31	62.43	61.63	52.81	60.53	66.78	54.11	41.43	606.0000
	55.52	62.89	62.14	53.05	60.96	67.28	54.49	41.46	608.0000
	55.75	63.33	62.60	53.30	61.39	67.75	54.87	41.48	610.0000
	55.97	63.73	63.04	53.55	61.81	68.19	55.25	41.50	612.0000
	56.20	64.12	63.45	53.80	62.23	68.61	55.63	41.53	614.0000
	56.43	64.48	63.83	54.04	62.63	69.01	56.01	41.56	616.0000
	56.65	64.81	64.16	54.28	63.02	69.28	56.38	41.59	618.0000
	56.88	64.93	64.23	54.53	63.37	68.98	56.74	41.62	620.0000
	57.11	64.78	63.97	54.76	63.62	68.23	57.07	41.65	622.0000
	57.31	64.42	63.47	54.97	63.74	67.32	57.34	41.68	624.0000
	57.48	63.94	62.85	55.14	63.75	66.37	57.55	41.72	626.0000
	57.61	63.39	62.15	55.26	63.65	65.45	57.67	41.76	628.0000
	57.69	62.81	61.44	55.32	63.47	64.59	57.72	41.80	630.0000
	57.74	62.24	60.74	55.34	63.25	63.78	57.69	41.84	632.0000
	57.74	61.68	60.06	55.32	62.97	63.05	57.60	41.89	634.0000
	57.72	61.15	59.42	55.26	62.68	62.36	57.47	41.94	636.0000
	57.67	60.64	58.81	55.18	62.37	61.73	57.29	41.98	638.0000
	57.60	60.15	58.24	55.07	62.04	61.15	57.07	42.04	640.0000
	57.51	59.70	57.70	54.95	61.71	60.61	56.83	42.09	642.0000
	57.41	59.27	57.21	54.82	61.37	60.11	56.57	42.14	644.0000
	57.30	58.86	56.74	54.68	61.03	59.65	56.30	42.19	646.0000
	57.18	58.48	56.30	54.52	60.69	59.21	56.02	42.24	648.0000
	57.06	58.12	55.89	54.36	60.35	58.80	55.73	42.30	650.0000
	56.92	57.78	55.51	54.20	60.01	58.41	55.44	42.36	652.0000
	56.77	57.46	55.16	54.04	59.67	58.04	55.15	42.40	654.0000
	56.63	57.16	54.82	53.87	59.34	57.70	54.86	42.45	656.0000
	56.49	56.88	54.52	53.70	59.02	57.40	54.57	42.50	658.0000
	56.36	56.74	54.40	53.53	58.72	57.59	54.29	42.55	660.0000
	56.21	56.89	54.63	53.37	58.49	58.35	54.03	42.59	662.0000
	56.08	57.29	55.16	53.22	58.40	59.36	53.81	42.63	664.0000
	55.98	57.85	55.87	53.12	58.46	60.43	53.67	42.67	666.0000
	55.92	58.49	56.66	53.07	58.61	61.49	53.60	42.71	668.0000
	55.91	59.16	57.48	53.06	58.87	62.48	53.61	42.74	670.0000
	55.94	59.83	58.29	53.11	59.17	63.39	53.71	42.78	672.0000
	56.01	60.49	59.07	53.20	59.52	64.24	53.86	42.80	674.0000
	56.11	61.12	59.78	53.29	59.89	65.01	54.05	42.82	676.0000
	56.24	61.73	60.50	53.46	60.28	65.72	54.30	42.84	678.0000
	56.39	62.31	61.18	53.65	60.69	66.39	54.60	42.87	680.0000
	56.56	62.86	61.81	53.85	61.11	67.01	54.92	42.90	682.0000
	56.75	63.39	62.40	54.07	61.53	67.59	55.26	42.92	684.0000
	56.94	63.87	62.95	54.29	61.95	68.12	55.62	42.95	686.0000
	57.14	64.34	63.46	54.52	62.37	68.63	55.99	42.98	688.0000
	57.35	64.78	63.94	54.76	62.78	69.11	56.36	43.00	690.0000
	57.57	65.19	64.38	55.00	63.20	69.56	56.74	43.02	692.0000
	57.79	65.59	64.80	55.24	63.60	69.98	57.11	43.04	694.0000
	57.97	65.94	65.19	55.49	63.98	70.38	57.48	43.07	696.0000
	58.20	66.31	65.56	55.73	64.38	70.77	57.84	43.10	698.0000
	58.43	66.59	65.82	55.97	64.76	70.87	58.20	43.12	700.0000
	58.64	66.62	65.77	56.20	65.09	70.40	58.54	43.15	702.0000
	58.86	66.38	65.42	56.42	65.31	69.58	58.85	43.19	704.0000
	59.04	65.96	64.86	56.60	65.38	68.63	59.10	43.22	706.0000
	59.19	65.44	64.20	56.75	65.34	67.68	59.27	43.26	708.0000
	59.29	64.86	63.48	56.84	65.21	66.76	59.36	43.30	710.0000
	59.35	64.28	62.76	56.89	65.01	65.91	59.37	43.34	712.0000
	59.38	63.71	62.06	56.89	64.75	65.12	59.32	43.38	714.0000
	59.37	63.15	61.39	56.85	64.47	64.39	59.21	43.43	716.0000
	59.33	62.61	60.75	56.78	64.16	63.72	59.05	43.47	718.0000
	59.26	62.10	60.15	56.68	63.84	63.10	58.85	43.52	720.0000
	59.18	61.61	59.58	56.57	63.50	62.53	58.62	43.57	722.0000
	59.08	61.16	59.05	56.43	63.16	61.99	58.36	43.61	724.0000
	58.98	60.72	58.55	56.29	62.81	61.49	58.09	43.67	726.0000
	58.85	60.32	58.09	56.14	62.46	61.04	57.81	43.72	728.0000
	58.72	59.93	57.66	55.98	62.12	60.60	57.52	43.77	730.0000
	58.57	59.57	57.26	55.81	61.76	60.19	57.23	43.82	732.0000
	58.43	59.23	56.88	55.64	61.42	59.80	56.93	43.87	734.0000
	58.29	58.91	56.52	55.47	61.08	59.44	56.63	43.92	736.0000
	58.15	58.61	56.19	55.30	60.74	59.09	56.33	43.97	738.0000
	58.00	58.35	55.91	55.12	60.42	58.85	56.04	44.01	740.0000
	57.85	58.27	55.88	54.95	60.12	59.23	55.76	44.05	742.0000
	57.71	58.49	56.19	54.79	59.92	60.07	55.50	44.09	744.0000
	57.58	58.94	56.77	54.64	59.87	61.10	55.29	44.13	746.0000
	57.49	59.51	57.50	54.55	59.95	62.17	55.17	44.17	748.0000
	57.43	60.16	58.30	54.51	60.13	63.19	55.11	44.20	750.0000
	57.42	60.82	59.11	54.51	60.40	64.15	55.14	44.23	752.0000
	57.46	61.49	59.89	54.56	60.71	65.03	55.25	44.26	754.0000
	57.53	62.14	60.66	54.66	61.06	65.86	55.41	44.29	756.0000
	57.64	62.76	61.39	54.78	61.44	66.61	55.63	44.32	758.0000
	57.77	63.35	62.09	54.95	61.83	67.31	55.89	44.34	760.0000
	57.92	63.92	62.73	55.13	62.23	67.95	56.18	44.36	762.0000
	58.09	64.45	63.35	55.33	62.64	68.56	56.50	44.38	764.0000
	58.27	64.95	63.91	55.54	63.05	69.11	56.84	44.40	766.0000
	58.46	65.44	64.44	55.76	63.47	69.63	57.19	44.42	768.0000
	58.66	65.88	64.94	55.98	63.88	70.12	57.55	44.44	770.0000
	58.87	66.31	65.40	56.22	64.28	70.59	57.91	44.46	772.0000
	59.08	66.72	65.84	56.46	64.70	71.03	58.29	44.48	774.0000
	59.29	67.10	66.24	56.69	65.09	71.44	58.65	44.50	776.0000
	59.51	67.46	66.62	56.93	65.49	71.84	59.02	44.52	778.0000
	59.72	67.81	66.95	57.15	65.86	72.20	59.35	44.54	780.0000
	59.94	68.08	67.19	57.40	66.21	72.31	59.68	44.57	782.0000
	60.16	68.10	67.13	57.64	66.51	71.84	60.02	44.61	784.0000
	60.36	67.86	66.76	57.86	66.71	71.01	60.31	44.65	786.0000
	60.54	67.44	66.19	58.04	66.77	70.06	60.55	44.68	788.0000
	60.69	66.92	65.52	58.18	66.72	69.10	60.70	44.71	790.0000
	60.79	66.34	64.81	58.27	66.59	68.18	60.78	44.74	792.0000
	60.86	65.76	64.08	58.30	66.38	67.32	60.77	44.78	794.0000
	60.87	65.18	63.39	58.30	66.13	66.53	60.71	44.82	796.0000
	60.86	64.61	62.72	58.26	65.84	65.79	60.59	44.85	798.0000
	60.82	64.07	62.08	58.18	65.54	65.12	60.43	44.90	800.0000
	60.75	63.56	61.47	58.08	65.21	64.49	60.23	44.95	802.0000
	60.66	63.07	60.91	57.96	64.87	63.91	59.99	44.99	804.0000
	60.56	62.61	60.38	57.82	64.53	63.38	59.73	45.04	806.0000
	60.44	62.18	59.87	57.66	64.18	62.87	59.45	45.08	808.0000
	60.32	61.76	59.41	57.51	63.82	62.40	59.16	45.12	810.0000
	60.19	61.37	58.97	57.34	63.46	61.95	58.86	45.17	812.0000
	60.04	61.02	58.57	57.18	63.11	61.54	58.57	45.21	814.0000
	59.90	60.67	58.20	57.00	62.77	61.15	58.27	45.26	816.0000
	59.75	60.35	57.84	56.83	62.43	60.78	57.97	45.31	818.0000
	59.60	60.05	57.51	56.65	62.10	60.43	57.67	45.35	820.0000
	59.45	59.80	57.26	56.47	61.77	60.32	57.38	45.39	822.0000
	59.30	59.80	57.32	56.30	61.49	60.84	57.10	45.43	824.0000
	59.15	60.08	57.71	56.13	61.32	61.75	56.84	45.47	826.0000
	59.02	60.56	58.33	56.00	61.31	62.80	56.65	45.50	828.0000
	58.93	61.16	59.08	55.91	61.41	63.84	56.54	45.54	830.0000
	58.89	61.80	59.87	55.88	61.60	64.85	56.51	45.57	832.0000
	58.89	62.46	60.67	55.89	61.88	65.78	56.55	45.60	834.0000
	58.93	63.12	61.44	55.91	62.20	66.65	56.65	45.61	836.0000
	59.01	63.75	62.18	56.02	62.55	67.44	56.83	45.64	838.0000
	59.11	64.36	62.90	56.17	62.93	68.18	57.07	45.67	840.0000
	59.25	64.94	63.58	56.33	63.32	68.85	57.32	45.69	842.0000
	59.39	65.49	64.22	56.52	63.72	69.47	57.62	45.71	844.0000
	59.56	66.00	64.80	56.72	64.12	70.06	57.94	45.72	846.0000
	59.74	66.50	65.36	56.93	64.54	70.60	58.28	45.75	848.0000
	59.93	66.96	65.87	57.14	64.93	71.10	58.63	45.76	850.0000
	60.13	67.40	66.35	57.37	65.34	71.58	58.99	45.79	852.0000
	60.33	67.82	66.81	57.60	65.74	72.03	59.35	45.80	854.0000
	60.53	68.21	67.22	57.83	66.14	72.45	59.71	45.82	856.0000
	60.74	68.58	67.61	58.06	66.53	72.86	60.07	45.83	858.0000
	60.96	68.93	67.98	58.30	66.91	73.24	60.43	45.85	860.0000
	61.17	69.25	68.29	58.53	67.28	73.50	60.78	45.88	862.0000
	61.38	69.35	68.36	58.76	67.64	73.20	61.12	45.90	864.0000
	61.58	69.20	68.09	58.97	67.88	72.46	61.44	45.93	866.0000
	61.77	68.82	67.58	59.16	67.99	71.54	61.69	45.96	868.0000
	61.93	68.32	66.94	59.31	67.98	70.58	61.88	45.99	870.0000
	62.04	67.75	66.23	59.41	67.86	69.64	61.99	46.02	872.0000
	62.11	67.17	65.51	59.45	67.68	68.77	62.02	46.05	874.0000
	62.14	66.58	64.79	59.46	67.43	67.95	61.97	46.09	876.0000
	62.13	66.00	64.10	59.42	67.15	67.19	61.88	46.13	878.0000
	62.09	65.46	63.45	59.36	66.84	66.50	61.72	46.16	880.0000
	62.02	64.93	62.82	59.26	66.52	65.86	61.54	46.21	882.0000
	61.94	64.43	62.24	59.14	66.18	65.27	61.31	46.25	884.0000
	61.83	63.96	61.69	59.00	65.83	64.71	61.05	46.30	886.0000
	61.71	63.51	61.18	58.85	65.48	64.20	60.78	46.34	888.0000
	61.58	63.09	60.70	58.69	65.12	63.72	60.49	46.39	890.0000
	61.45	62.69	60.24	58.51	64.77	63.27	60.19	46.44	892.0000
	61.30	62.32	59.80	58.32	64.41	62.84	59.89	46.47	894.0000
	61.15	61.96	59.41	58.14	64.05	62.42	59.57	46.51	896.0000
	61.01	61.63	59.05	57.97	63.70	62.04	59.27	46.55	898.0000
	60.85	61.31	58.71	57.79	63.36	61.67	58.97	46.60	900.0000
