#Counts
1897
1784
1754
1963
1894
1809
1949
1959
1881
1767
1740
1707
1813
1938
1848
1880
1890
1970
1964
1895
1877
1807
1856
1867
1941
1902
1943
1796
1785
1835
1791
1820
1778
1783
1926
1823
1832
1950
1757
1901
1760
1768
1873
1831
1729
1789
1822
1829
1855
1752
1983
1927
1800
1711
1808
1720
1791
1924
1905
1914
1910
1797
1939
1819
1914
1855
1822
1916
1924
1817
1861
1953
1744
1956
1855
1827
1924
1876
1844
1728
1788
1867
1785
1749
1716
1794
1788
1888
1833
1877
1773
1749
1853
2005
1784
1735
1846
1870
1774
1773